30 58 59  3.90
30 58 58  1.95
30 59 59  1.95
30 59 58  3.90
131 30 16 14.85
131 30 25 11.14
131 30 18  7.43
131 30 32  6.50
131 30 24  7.43
131 30 17  8.82
131 30 33 10.21
131 30 31 13.00
131 30 34 14.85
131 30 15 16.71
131 32 30  6.50
131 32 15 16.71
131 32 34 14.85
131 32 31 12.07
131 32 33 10.21
131 32 17  7.89
131 32 24  6.03
131 32 18  7.89
131 32 25 11.14
131 32 16 14.85
131 31 16 23.21
131 31 25 17.64
131 31 18 13.93
131 31 32 12.07
131 31 24 11.14
131 31 17 10.21
131 31 30 13.00
131 31 33  8.82
131 31 15 10.21
131 31 34  8.82
131 34 15  7.43
131 34 31  8.82
131 34 33 11.14
131 34 30 14.85
131 34 17 13.00
131 34 24 13.93
131 34 32 14.85
131 34 18 16.71
131 34 25 20.42
131 34 16 25.07
131 33 16 20.42
131 33 25 14.85
131 33 18 11.14
131 33 32 10.21
131 33 24  8.82
131 33 17  7.43
131 33 30 10.21
131 33 31  8.82
131 33 34 11.14
131 33 15 13.00
131 25 18 10.21
131 25 30 11.14
131 25 16 10.21
131 25 32 11.14
131 25 24 12.07
131 25 17 13.93
131 25 33 14.85
131 25 31 17.64
131 25 34 20.42
131 25 15 23.21
131 24 16 16.71
131 24 25 12.07
131 24 18  8.82
131 24 32  6.03
131 24 17  6.50
131 24 33  8.82
131 24 31 11.14
131 24 34 13.93
131 24 15 14.85
131 24 30  7.43
131 17 30  8.82
131 17 15 13.93
131 17 34 13.00
131 17 31 10.21
131 17 33  7.43
131 17 32  7.89
131 17 24  6.50
131 17 18 10.21
131 17 25 13.93
131 17 16 16.71
131 18 16 13.93
131 18 15 17.64
131 18 34 16.71
131 18 31 13.93
131 18 33 11.14
131 18 17 10.21
131 18 24  8.82
131 18 32  7.89
131 18 30  7.43
131 18 25 10.21
131 15 18 17.64
131 15 32 16.71
131 15 24 14.85
131 15 31 10.21
131 15 17 13.93
131 15 30 16.71
131 15 33 13.00
131 15 34  7.43
131 15 16 26.92
131 15 25 23.21
131 16 25 10.21
131 16 32 14.85
131 16 24 16.71
131 16 17 16.71
131 16 33 20.42
131 16 31 23.21
131 16 34 25.07
131 16 15 26.92
131 16 18 13.93
131 16 30 14.85
120 80 37  1.72
120 80 95  1.72
120 80 38  2.92
120 80 56  3.71
120 80 13  5.52
120 80 36  1.76
120 80 86  4.78
120 80 55  3.48
120 80 35  3.76
120 80 57  4.50
120 80 81  1.72
120 80 83  1.72
120 80 85  1.72
120 80 39  3.06
120 80 27  3.06
120 80 28  3.48
120 80 7  3.25
120 80 90  3.85
120 80 40  5.38
120 80 49  5.34
120 80 12  4.18
120 80 69  3.99
120 80 51  5.85
120 80 48  5.25
120 80 9  3.53
120 80 54  5.52
120 80 87  4.50
120 80 14  3.06
120 80 29  4.73
120 80 41  4.41
120 80 88  3.85
120 80 44  3.62
120 80 60  4.18
120 80 91  3.25
120 80 42  4.08
120 80 82  2.88
120 80 80  5.15
120 80 84  1.72
120 80 43  4.04
120 80 26  4.27
120 80 11  4.87
120 80 53  3.48
120 80 52  8.03
120 80 89  5.20
120 81 89  5.20
120 81 52  8.03
120 81 53  3.48
120 81 26  4.27
120 81 43  4.04
120 81 84  1.72
120 81 83  1.72
120 81 80  1.72
120 81 82  2.88
120 81 42  4.08
120 81 60  4.18
120 81 44  3.62
120 81 13  5.52
120 81 88  3.85
120 81 41  4.41
120 81 29  4.73
120 81 91  3.25
120 81 11  4.87
120 81 14  3.06
120 81 87  4.50
120 81 54  5.52
120 81 9  3.53
120 81 48  5.25
120 81 51  5.85
120 81 69  3.99
120 81 12  4.18
120 81 49  5.34
120 81 40  5.38
120 81 90  3.85
120 81 7  3.25
120 81 28  3.48
120 81 27  3.06
120 81 39  3.06
120 81 85  1.72
120 81 57  4.50
120 81 81  5.15
120 81 35  3.76
120 81 55  3.48
120 81 86  4.78
120 81 56  3.71
120 81 38  2.92
120 81 95  1.72
120 81 37  1.72
120 81 36  1.76
120 82 37  3.39
120 82 95  3.16
120 82 38  3.71
120 82 36  3.53
120 82 56  1.90
120 82 13  4.04
120 82 55  1.72
120 82 86  3.34
120 82 35  1.95
120 82 57  3.06
120 82 81  2.88
120 82 83  2.88
120 82 85  3.11
120 82 39  1.72
120 82 27  1.72
120 82 28  1.72
120 82 7  1.72
120 82 90  4.08
120 82 40  3.95
120 82 49  3.90
120 82 12  2.74
120 82 69  2.41
120 82 51  4.41
120 82 48  3.76
120 82 9  3.85
120 82 54  4.08
120 82 87  3.06
120 82 14  1.72
120 82 91  3.67
120 82 29  3.25
120 82 41  2.92
120 82 88  2.18
120 82 44  1.81
120 82 60  4.36
120 82 42  2.37
120 82 82  5.15
120 82 80  2.88
120 82 84  2.88
120 82 43  2.37
120 82 26  2.74
120 82 53  1.72
120 82 11  3.39
120 82 52  8.22
120 82 89  3.76
120 83 89  5.20
120 83 52  8.03
120 83 53  3.48
120 83 26  4.27
120 83 43  4.04
120 83 84  1.72
120 83 83  5.15
120 83 80  1.72
120 83 82  2.88
120 83 42  4.08
120 83 60  4.18
120 83 91  3.25
120 83 44  3.62
120 83 13  5.52
120 83 57  4.50
120 83 88  3.85
120 83 41  4.41
120 83 29  4.73
120 83 11  4.87
120 83 14  3.06
120 83 87  4.50
120 83 54  5.52
120 83 9  3.53
120 83 48  5.25
120 83 51  5.85
120 83 69  3.99
120 83 12  4.18
120 83 49  5.34
120 83 40  5.38
120 83 90  3.85
120 83 7  3.25
120 83 28  3.48
120 83 27  3.06
120 83 39  3.06
120 83 85  1.72
120 83 81  1.72
120 83 35  3.76
120 83 55  3.48
120 83 86  4.78
120 83 56  3.71
120 83 38  2.92
120 83 95  1.72
120 83 37  1.72
120 83 36  1.76
120 84 37  1.72
120 84 95  1.72
120 84 38  2.92
120 84 36  1.76
120 84 56  3.71
120 84 86  4.78
120 84 55  3.48
120 84 35  3.76
120 84 57  4.50
120 84 81  1.72
120 84 85  1.72
120 84 39  3.06
120 84 27  3.06
120 84 28  3.48
120 84 90  3.85
120 84 7  3.25
120 84 40  5.38
120 84 49  5.34
120 84 12  4.18
120 84 69  3.99
120 84 51  5.85
120 84 48  5.25
120 84 9  3.53
120 84 54  5.52
120 84 87  4.50
120 84 14  3.06
120 84 91  3.25
120 84 29  4.73
120 84 41  4.41
120 84 88  3.85
120 84 13  5.52
120 84 44  3.62
120 84 60  4.18
120 84 42  4.08
120 84 82  2.88
120 84 80  1.72
120 84 84  5.15
120 84 43  4.04
120 84 26  4.27
120 84 53  3.48
120 84 83  1.72
120 84 11  4.87
120 84 52  8.03
120 84 89  5.20
120 85 89  5.29
120 85 53  3.62
120 85 83  1.72
120 85 38  2.74
120 85 52  7.98
120 85 26  4.32
120 85 43  4.13
120 85 84  1.72
120 85 80  1.72
120 85 82  3.11
120 85 42  4.13
120 85 60  4.13
120 85 91  3.11
120 85 44  3.71
120 85 57  4.60
120 85 13  5.57
120 85 88  3.95
120 85 41  4.46
120 85 29  4.78
120 85 48  5.29
120 85 11  4.92
120 85 14  3.25
120 85 55  3.62
120 85 87  4.60
120 85 54  5.57
120 85 9  3.34
120 85 51  5.94
120 85 69  4.08
120 85 12  4.27
120 85 49  5.43
120 85 40  5.48
120 85 90  3.71
120 85 7  3.43
120 85 28  3.62
120 85 27  3.25
120 85 39  3.25
120 85 85  5.15
120 85 81  1.72
120 85 35  3.85
120 85 86  4.83
120 85 56  3.76
120 85 95  1.72
120 85 37  1.72
120 85 36  1.72
120 60 37  3.85
120 60 95  4.08
120 60 13  6.59
120 60 38  3.53
120 60 86  5.85
120 60 88  4.97
120 60 89  6.31
120 60 83  4.18
120 60 44  4.73
120 60 27  4.46
120 60 28  4.64
120 60 7  4.55
120 60 52  3.95
120 60 91  3.34
120 60 12  5.29
120 60 69  5.11
120 60 55  4.69
120 60 9  2.88
120 60 40  6.50
120 60 90  2.88
120 60 48  6.31
120 60 87  5.62
120 60 14  4.46
120 60 35  4.87
120 60 36  3.76
120 60 39  4.46
120 60 29  5.80
120 60 11  5.94
120 60 43  5.15
120 60 41  5.48
120 60 56  4.78
120 60 42  5.15
120 60 51  6.96
120 60 60  5.15
120 60 49  6.45
120 60 53  4.64
120 60 82  4.36
120 60 80  4.18
120 60 84  4.18
120 60 81  4.18
120 60 85  4.13
120 60 26  5.34
120 60 57  5.62
120 60 54  6.59
120 57 35  2.27
120 57 49  3.20
120 57 89  1.72
120 57 26  1.72
120 57 57  5.15
120 57 53  3.06
120 57 81  4.50
120 57 84  4.50
120 57 80  4.50
120 57 82  3.06
120 57 42  3.48
120 57 43  1.72
120 57 91  4.92
120 57 60  5.62
120 57 44  3.25
120 57 39  2.97
120 57 29  4.18
120 57 41  3.85
120 57 11  4.32
120 57 14  2.97
120 57 40  4.83
120 57 36  4.83
120 57 87  1.72
120 57 54  1.72
120 57 90  5.29
120 57 48  4.69
120 57 9  5.06
120 57 69  3.62
120 57 12  3.81
120 57 52  9.47
120 57 51  5.29
120 57 7  3.06
120 57 28  3.16
120 57 27  2.97
120 57 95  4.64
120 57 83  4.50
120 57 55  2.55
120 57 88  3.48
120 57 86  1.72
120 57 38  4.92
120 57 13  3.34
120 57 56  3.30
120 57 85  4.60
120 57 37  4.73
120 69 37  4.27
120 69 95  4.13
120 69 38  4.41
120 69 86  3.90
120 69 88  1.72
120 69 35  2.88
120 69 89  4.32
120 69 51  4.64
120 69 83  3.99
120 69 27  2.27
120 69 44  1.72
120 69 28  1.72
120 69 7  2.09
120 69 52  8.96
120 69 12  1.72
120 69 91  4.41
120 69 9  4.55
120 69 69  5.15
120 69 40  4.18
120 69 48  3.99
120 69 90  4.78
120 69 14  2.27
120 69 87  3.62
120 69 36  4.32
120 69 29  3.53
120 69 43  3.16
120 69 11  3.62
120 69 41  3.20
120 69 39  2.27
120 69 42  2.88
120 69 56  1.72
120 69 13  4.60
120 69 60  5.11
120 69 49  4.46
120 69 53  2.14
120 69 82  2.41
120 69 80  3.99
120 69 84  3.99
120 69 85  4.08
120 69 81  3.99
120 69 26  3.34
120 69 57  3.62
120 69 55  2.69
120 69 54  4.64
120 95 89  5.34
120 95 52  7.89
120 95 26  4.36
120 95 43  4.18
120 95 53  3.71
120 95 84  1.72
120 95 83  1.72
120 95 80  1.72
120 95 82  3.16
120 95 42  4.18
120 95 60  4.08
120 95 91  3.02
120 95 57  4.64
120 95 44  3.76
120 95 88  3.99
120 95 41  4.50
120 95 29  4.83
120 95 48  5.34
120 95 11  4.97
120 95 14  3.34
120 95 54  5.62
120 95 87  4.64
120 95 38  2.74
120 95 9  3.25
120 95 51  5.99
120 95 12  4.32
120 95 40  5.52
120 95 49  5.48
120 95 90  3.62
120 95 7  3.53
120 95 27  3.34
120 95 28  3.67
120 95 39  3.34
120 95 85  1.72
120 95 35  3.90
120 95 81  1.72
120 95 13  5.62
120 95 86  4.87
120 95 55  3.71
120 95 69  4.13
120 95 56  3.81
120 95 95  5.15
120 95 37  1.72
120 95 36  1.72
120 36 37  1.72
120 36 95  1.72
120 36 85  1.72
120 36 56  3.99
120 36 87  4.83
120 36 69  4.32
120 36 36  5.15
120 36 55  3.95
120 36 86  5.11
120 36 35  4.08
120 36 81  1.76
120 36 39  3.67
120 36 28  3.90
120 36 27  3.67
120 36 90  3.30
120 36 7  3.76
120 36 49  5.66
120 36 40  5.71
120 36 12  4.50
120 36 51  6.17
120 36 9  2.88
120 36 38  2.74
120 36 54  5.85
120 36 14  3.67
120 36 11  5.15
120 36 48  5.52
120 36 29  5.06
120 36 88  4.18
120 36 41  4.73
120 36 44  3.95
120 36 57  4.83
120 36 13  5.80
120 36 60  3.76
120 36 82  3.53
120 36 80  1.76
120 36 91  2.88
120 36 83  1.76
120 36 84  1.76
120 36 53  3.90
120 36 42  4.36
120 36 43  4.36
120 36 26  4.55
120 36 52  7.52
120 36 89  5.52
120 35 49  3.39
120 35 28  2.18
120 35 52  8.73
120 35 89  3.25
120 35 26  1.72
120 35 53  2.04
120 35 57  2.27
120 35 84  3.76
120 35 81  3.76
120 35 80  3.76
120 35 60  4.87
120 35 91  4.18
120 35 43  1.72
120 35 82  1.95
120 35 13  3.53
120 35 44  2.32
120 35 42  2.79
120 35 39  1.72
120 35 56  2.46
120 35 29  3.43
120 35 41  3.11
120 35 11  3.57
120 35 14  1.72
120 35 36  4.08
120 35 40  4.13
120 35 86  2.69
120 35 87  2.27
120 35 54  3.57
120 35 90  4.60
120 35 9  4.36
120 35 48  3.95
120 35 69  2.88
120 35 12  3.06
120 35 7  2.00
120 35 27  1.72
120 35 95  3.90
120 35 83  3.76
120 35 51  4.60
120 35 35  5.15
120 35 55  1.72
120 35 38  4.22
120 35 88  2.74
120 35 85  3.85
120 35 37  4.04
120 38 37  2.74
120 38 85  2.74
120 38 95  2.74
120 38 87  4.92
120 38 56  4.13
120 38 36  2.74
120 38 69  4.41
120 38 86  5.20
120 38 81  2.92
120 38 35  4.22
120 38 39  3.81
120 38 7  3.90
120 38 90  2.88
120 38 27  3.81
120 38 44  4.08
120 38 28  3.99
120 38 12  4.64
120 38 40  5.85
120 38 49  5.76
120 38 51  6.31
120 38 9  2.88
120 38 54  5.94
120 38 38  5.15
120 38 55  4.04
120 38 14  3.81
120 38 11  5.29
120 38 48  5.66
120 38 29  5.15
120 38 88  4.27
120 38 41  4.83
120 38 13  5.94
120 38 57  4.92
120 38 42  4.50
120 38 60  3.53
120 38 82  3.71
120 38 80  2.92
120 38 83  2.92
120 38 84  2.92
120 38 53  3.99
120 38 26  4.69
120 38 43  4.46
120 38 52  7.33
120 38 91  2.88
120 38 89  5.62
120 37 89  5.48
120 37 52  7.66
120 37 43  4.32
120 37 26  4.50
120 37 53  3.81
120 37 84  1.72
120 37 83  1.72
120 37 80  1.72
120 37 82  3.39
120 37 60  3.85
120 37 42  4.32
120 37 57  4.73
120 37 44  3.90
120 37 88  4.13
120 37 29  4.97
120 37 41  4.64
120 37 48  5.48
120 37 91  2.88
120 37 11  5.11
120 37 14  3.57
120 37 38  2.74
120 37 54  5.76
120 37 9  3.06
120 37 51  6.13
120 37 49  5.62
120 37 40  5.66
120 37 12  4.46
120 37 28  3.81
120 37 27  3.57
120 37 90  3.39
120 37 7  3.71
120 37 39  3.57
120 37 85  1.72
120 37 81  1.72
120 37 35  4.04
120 37 86  5.01
120 37 13  5.76
120 37 55  3.85
120 37 69  4.27
120 37 87  4.78
120 37 56  3.95
120 37 95  1.72
120 37 37  5.15
120 37 36  1.72
120 49 37  5.62
120 49 95  5.48
120 49 13  1.72
120 49 88  4.32
120 49 86  3.43
120 49 38  5.76
120 49 35  3.39
120 49 89  3.90
120 49 83  5.34
120 49 44  4.08
120 49 27  3.81
120 49 52 10.30
120 49 28  3.99
120 49 7  3.90
120 49 69  4.46
120 49 9  5.90
120 49 91  5.76
120 49 12  4.64
120 49 40  5.71
120 49 90  6.13
120 49 48  5.52
120 49 87  1.72
120 49 14  3.81
120 49 39  3.81
120 49 36  5.66
120 49 29  5.01
120 49 11  5.15
120 49 43  3.16
120 49 41  4.69
120 49 56  4.13
120 49 42  4.36
120 49 51  6.17
120 49 60  6.45
120 49 53  3.90
120 49 82  3.90
120 49 49  5.15
120 49 80  5.34
120 49 84  5.34
120 49 85  5.43
120 49 81  5.34
120 49 57  3.20
120 49 26  1.72
120 49 54  4.18
120 49 55  3.57
120 86 35  2.69
120 86 49  3.43
120 86 89  1.72
120 86 26  1.72
120 86 9  5.34
120 86 53  3.30
120 86 57  1.72
120 86 81  4.78
120 86 84  4.78
120 86 80  4.78
120 86 91  5.15
120 86 43  2.27
120 86 82  3.34
120 86 42  3.76
120 86 60  5.85
120 86 44  3.53
120 86 39  3.25
120 86 29  4.46
120 86 41  4.13
120 86 11  4.55
120 86 40  5.11
120 86 14  3.25
120 86 87  2.37
120 86 54  1.72
120 86 90  5.57
120 86 48  4.92
120 86 12  4.04
120 86 69  3.90
120 86 28  3.43
120 86 52  9.70
120 86 7  3.30
120 86 27  3.25
120 86 51  5.57
120 86 88  3.71
120 86 83  4.78
120 86 55  2.97
120 86 38  5.20
120 86 86  5.15
120 86 13  3.57
120 86 56  3.57
120 86 95  4.87
120 86 85  4.83
120 86 37  5.01
120 86 36  5.11
120 89 36  5.52
120 89 37  5.48
120 89 85  5.29
120 89 95  5.34
120 89 56  3.99
120 89 13  4.04
120 89 86  1.72
120 89 38  5.62
120 89 55  3.43
120 89 88  4.18
120 89 83  5.20
120 89 35  3.25
120 89 51  6.03
120 89 27  3.67
120 89 7  3.76
120 89 52 10.17
120 89 28  3.85
120 89 69  4.32
120 89 12  4.50
120 89 48  5.38
120 89 90  5.99
120 89 54  1.72
120 89 9  5.76
120 89 87  2.97
120 89 14  3.67
120 89 40  5.57
120 89 11  5.01
120 89 41  4.55
120 89 29  4.87
120 89 39  3.67
120 89 44  3.95
120 89 60  6.31
120 89 42  4.22
120 89 82  3.76
120 89 43  2.92
120 89 91  5.62
120 89 80  5.20
120 89 84  5.20
120 89 81  5.20
120 89 57  1.72
120 89 53  3.76
120 89 26  1.72
120 89 89  5.15
120 89 49  3.90
120 90 48  6.03
120 90 54  6.31
120 90 26  5.06
120 90 57  5.29
120 90 82  4.08
120 90 85  3.71
120 90 81  3.85
120 90 84  3.85
120 90 80  3.85
120 90 49  6.13
120 90 51  6.68
120 90 60  2.88
120 90 42  4.87
120 90 56  4.50
120 90 41  5.20
120 90 29  5.52
120 90 11  5.66
120 90 36  3.30
120 90 35  4.60
120 90 43  4.83
120 90 39  4.18
120 90 87  5.29
120 90 90  5.15
120 90 40  6.22
120 90 12  5.01
120 90 91  2.88
120 90 9  2.88
120 90 69  4.78
120 90 7  4.27
120 90 28  4.36
120 90 55  4.41
120 90 52  6.87
120 90 14  4.18
120 90 27  4.18
120 90 53  4.36
120 90 83  3.85
120 90 44  4.41
120 90 89  5.99
120 90 38  2.88
120 90 88  4.64
120 90 86  5.57
120 90 13  6.31
120 90 95  3.62
120 90 37  3.39
120 87 37  4.78
120 87 36  4.83
120 87 44  3.25
120 87 13  1.72
120 87 56  3.30
120 87 86  2.37
120 87 38  4.92
120 87 88  3.43
120 87 55  2.55
120 87 83  4.50
120 87 95  4.64
120 87 85  4.60
120 87 7  3.06
120 87 27  2.97
120 87 28  3.16
120 87 69  3.62
120 87 40  4.87
120 87 12  3.81
120 87 51  5.34
120 87 48  4.69
120 87 9  5.06
120 87 54  3.34
120 87 90  5.29
120 87 87  5.15
120 87 14  2.97
120 87 11  4.32
120 87 29  4.18
120 87 41  3.85
120 87 39  2.97
120 87 60  5.62
120 87 91  4.92
120 87 82  3.06
120 87 42  3.53
120 87 80  4.50
120 87 84  4.50
120 87 43  1.72
120 87 81  4.50
120 87 53  3.06
120 87 57  1.72
120 87 26  1.72
120 87 35  2.27
120 87 49  1.72
120 87 89  2.97
120 87 52  9.42
120 88 54  4.46
120 88 57  3.48
120 88 26  3.20
120 88 81  3.85
120 88 80  3.85
120 88 84  3.85
120 88 53  1.90
120 88 82  2.18
120 88 49  4.32
120 88 39  2.04
120 88 42  2.65
120 88 56  1.72
120 88 60  4.97
120 88 13  4.46
120 88 41  3.06
120 88 29  3.34
120 88 11  3.48
120 88 43  2.97
120 88 91  4.27
120 88 14  2.04
120 88 87  3.43
120 88 90  4.64
120 88 48  3.85
120 88 40  4.04
120 88 12  1.72
120 88 9  4.41
120 88 69  1.72
120 88 28  1.72
120 88 7  1.86
120 88 52  8.77
120 88 44  1.72
120 88 27  2.04
120 88 83  3.85
120 88 35  2.74
120 88 89  4.18
120 88 55  2.46
120 88 51  4.50
120 88 38  4.27
120 88 86  3.71
120 88 88  5.15
120 88 36  4.18
120 88 37  4.13
120 88 95  3.99
120 88 85  3.95
120 91 36  2.88
120 91 37  2.88
120 91 38  2.88
120 91 56  4.08
120 91 44  4.04
120 91 86  5.15
120 91 88  4.27
120 91 55  3.99
120 91 83  3.25
120 91 35  4.18
120 91 95  3.02
120 91 85  3.11
120 91 7  3.85
120 91 27  3.76
120 91 28  3.95
120 91 12  4.60
120 91 69  4.41
120 91 40  5.80
120 91 49  5.76
120 91 51  6.27
120 91 48  5.62
120 91 9  2.88
120 91 90  2.88
120 91 54  5.90
120 91 87  4.92
120 91 14  3.76
120 91 11  5.25
120 91 41  4.78
120 91 29  5.11
120 91 13  5.90
120 91 39  3.76
120 91 60  3.34
120 91 91  5.15
120 91 82  3.67
120 91 42  4.46
120 91 80  3.25
120 91 84  3.25
120 91 81  3.25
120 91 43  4.46
120 91 26  4.64
120 91 57  4.92
120 91 53  3.99
120 91 52  7.15
120 91 89  5.62
120 12 54  4.78
120 12 55  2.88
120 12 57  3.81
120 12 26  3.53
120 12 85  4.27
120 12 81  4.18
120 12 84  4.18
120 12 80  4.18
120 12 82  2.74
120 12 53  2.46
120 12 49  4.64
120 12 56  1.72
120 12 42  3.02
120 12 39  2.60
120 12 60  5.29
120 12 41  3.39
120 12 29  3.67
120 12 43  3.34
120 12 11  3.85
120 12 14  2.60
120 12 87  3.81
120 12 90  5.01
120 12 40  4.36
120 12 48  4.18
120 12 91  4.60
120 12 12  5.15
120 12 9  4.78
120 12 69  1.72
120 12 7  2.41
120 12 28  1.72
120 12 52  9.14
120 12 44  1.72
120 12 27  2.60
120 12 83  4.18
120 12 35  3.06
120 12 89  4.50
120 12 51  4.83
120 12 13  4.78
120 12 38  4.64
120 12 88  1.72
120 12 86  4.04
120 12 36  4.50
120 12 95  4.32
120 12 37  4.46
120 11 95  4.97
120 11 36  5.15
120 11 37  5.11
120 11 39  3.30
120 11 38  5.29
120 11 44  3.30
120 11 56  3.34
120 11 86  4.55
120 11 88  3.48
120 11 55  3.39
120 11 83  4.87
120 11 35  3.57
120 11 85  4.92
120 11 7  3.25
120 11 27  3.30
120 11 28  3.25
120 11 12  3.85
120 11 69  3.62
120 11 49  5.15
120 11 40  1.72
120 11 48  1.72
120 11 51  1.72
120 11 90  5.66
120 11 9  5.43
120 11 54  5.29
120 11 87  4.32
120 11 14  3.30
120 11 11  5.15
120 11 29  1.72
120 11 41  1.72
120 11 13  5.29
120 11 60  5.94
120 11 91  5.25
120 11 82  3.39
120 11 42  1.72
120 11 80  4.87
120 11 84  4.87
120 11 81  4.87
120 11 43  3.85
120 11 26  4.04
120 11 53  3.11
120 11 57  4.32
120 11 89  5.01
120 11 52  9.79
120 14 89  3.67
120 14 54  3.99
120 14 53  1.72
120 14 57  2.97
120 14 26  2.55
120 14 81  3.06
120 14 84  3.06
120 14 80  3.06
120 14 82  1.72
120 14 43  2.23
120 14 49  3.81
120 14 13  3.95
120 14 60  4.46
120 14 39  1.72
120 14 42  2.18
120 14 56  1.76
120 14 44  1.72
120 14 41  2.74
120 14 11  3.30
120 14 29  3.16
120 14 91  3.76
120 14 86  3.25
120 14 36  3.67
120 14 14  5.15
120 14 87  2.97
120 14 90  4.18
120 14 48  3.62
120 14 40  3.81
120 14 12  2.60
120 14 9  3.95
120 14 69  2.27
120 14 28  1.72
120 14 7  1.72
120 14 52  8.31
120 14 27  1.72
120 14 83  3.06
120 14 35  1.72
120 14 55  1.72
120 14 51  4.27
120 14 88  2.04
120 14 38  3.81
120 14 85  3.25
120 14 95  3.34
120 14 37  3.57
120 13 37  5.76
120 13 36  5.80
120 13 38  5.94
120 13 86  3.57
120 13 56  4.27
120 13 44  4.22
120 13 13  5.15
120 13 88  4.46
120 13 55  3.71
120 13 83  5.52
120 13 85  5.57
120 13 95  5.62
120 13 7  4.04
120 13 28  4.18
120 13 27  3.95
120 13 69  4.60
120 13 12  4.78
120 13 40  5.85
120 13 48  5.66
120 13 51  6.31
120 13 90  6.31
120 13 54  4.32
120 13 9  6.08
120 13 87  1.72
120 13 14  3.95
120 13 11  5.29
120 13 41  4.83
120 13 29  5.15
120 13 39  3.95
120 13 91  5.90
120 13 60  6.59
120 13 82  4.04
120 13 42  4.50
120 13 80  5.52
120 13 81  5.52
120 13 43  3.30
120 13 84  5.52
120 13 26  1.72
120 13 57  3.34
120 13 53  4.04
120 13 49  1.72
120 13 35  3.53
120 13 89  4.04
120 13 52 10.44
120 9 60  2.88
120 9 48  5.80
120 9 54  6.08
120 9 82  3.85
120 9 57  5.06
120 9 26  4.83
120 9 81  3.53
120 9 85  3.34
120 9 80  3.53
120 9 84  3.53
120 9 53  4.13
120 9 49  5.90
120 9 42  4.64
120 9 56  4.27
120 9 41  4.97
120 9 29  5.29
120 9 11  5.43
120 9 39  3.95
120 9 43  4.60
120 9 35  4.36
120 9 87  5.06
120 9 90  2.88
120 9 40  5.99
120 9 91  2.88
120 9 12  4.78
120 9 9  5.15
120 9 69  4.55
120 9 28  4.13
120 9 55  4.18
120 9 7  4.04
120 9 14  3.95
120 9 52  6.87
120 9 27  3.95
120 9 83  3.53
120 9 44  4.22
120 9 51  6.45
120 9 89  5.76
120 9 13  6.08
120 9 86  5.34
120 9 88  4.41
120 9 38  2.88
120 9 36  2.88
120 9 37  3.06
120 9 95  3.25
120 48 95  5.34
120 48 36  5.52
120 48 37  5.48
120 48 38  5.66
120 48 44  3.62
120 48 56  3.71
120 48 86  4.92
120 48 88  3.85
120 48 55  3.76
120 48 83  5.25
120 48 35  3.95
120 48 85  5.29
120 48 7  3.62
120 48 28  3.62
120 48 27  3.62
120 48 12  4.18
120 48 69  3.99
120 48 49  5.52
120 48 40  1.72
120 48 51  1.72
120 48 48  5.15
120 48 9  5.80
120 48 90  6.03
120 48 54  5.66
120 48 87  4.69
120 48 14  3.62
120 48 11  1.72
120 48 29  1.72
120 48 41  1.72
120 48 39  3.62
120 48 13  5.66
120 48 60  6.31
120 48 91  5.62
120 48 82  3.76
120 48 42  1.72
120 48 80  5.25
120 48 81  5.25
120 48 84  5.25
120 48 43  4.22
120 48 26  4.41
120 48 53  3.48
120 48 57  4.69
120 48 52 10.17
120 48 89  5.38
120 7 89  3.76
120 7 54  4.04
120 7 57  3.06
120 7 53  1.72
120 7 26  2.74
120 7 81  3.25
120 7 84  3.25
120 7 80  3.25
120 7 82  1.72
120 7 49  3.90
120 7 13  4.04
120 7 51  4.27
120 7 60  4.55
120 7 44  1.72
120 7 56  1.72
120 7 42  1.72
120 7 39  1.72
120 7 41  2.60
120 7 29  3.06
120 7 91  3.85
120 7 11  3.25
120 7 43  2.41
120 7 14  1.72
120 7 86  3.30
120 7 36  3.76
120 7 87  3.06
120 7 90  4.27
120 7 40  3.81
120 7 48  3.62
120 7 9  4.04
120 7 12  2.41
120 7 69  2.09
120 7 28  1.72
120 7 7  5.15
120 7 52  8.40
120 7 27  1.72
120 7 83  3.25
120 7 35  2.00
120 7 55  1.72
120 7 88  1.86
120 7 38  3.90
120 7 95  3.53
120 7 85  3.43
120 7 37  3.71
120 54 37  5.76
120 54 85  5.57
120 54 36  5.85
120 54 38  5.94
120 54 86  1.72
120 54 56  4.27
120 54 13  4.32
120 54 88  4.46
120 54 55  3.76
120 54 83  5.52
120 54 27  3.99
120 54 95  5.62
120 54 52 10.44
120 54 7  4.04
120 54 28  4.18
120 54 69  4.64
120 54 12  4.78
120 54 40  5.85
120 54 51  6.31
120 54 48  5.66
120 54 90  6.31
120 54 54  5.15
120 54 9  6.08
120 54 87  3.34
120 54 14  3.99
120 54 11  5.29
120 54 29  5.20
120 54 41  4.87
120 54 39  3.99
120 54 60  6.59
120 54 44  4.27
120 54 91  5.90
120 54 82  4.08
120 54 42  4.50
120 54 80  5.52
120 54 84  5.52
120 54 81  5.52
120 54 43  3.30
120 54 26  1.72
120 54 57  1.72
120 54 53  4.04
120 54 35  3.57
120 54 49  4.18
120 54 89  1.72
120 56 54  4.27
120 56 26  3.02
120 56 57  3.30
120 56 81  3.71
120 56 84  3.71
120 56 80  3.71
120 56 82  1.90
120 56 53  1.72
120 56 49  4.13
120 56 13  4.27
120 56 60  4.78
120 56 51  4.32
120 56 39  1.76
120 56 42  2.37
120 56 56  5.15
120 56 41  2.88
120 56 29  3.20
120 56 43  2.83
120 56 91  4.08
120 56 11  3.34
120 56 14  1.76
120 56 87  3.30
120 56 90  4.50
120 56 48  3.71
120 56 40  3.90
120 56 12  1.72
120 56 9  4.27
120 56 69  1.72
120 56 28  1.72
120 56 7  1.72
120 56 52  8.63
120 56 27  1.76
120 56 44  1.72
120 56 83  3.71
120 56 35  2.46
120 56 55  2.18
120 56 89  3.99
120 56 86  3.57
120 56 88  1.72
120 56 38  4.13
120 56 36  3.99
120 56 85  3.76
120 56 95  3.81
120 56 37  3.95
120 55 85  3.62
120 55 37  3.85
120 55 38  4.04
120 55 88  2.46
120 55 55  5.15
120 55 51  4.41
120 55 35  1.72
120 55 95  3.71
120 55 83  3.48
120 55 52  8.54
120 55 7  1.72
120 55 27  1.72
120 55 28  1.90
120 55 69  2.69
120 55 12  2.88
120 55 9  4.18
120 55 48  3.76
120 55 90  4.41
120 55 87  2.55
120 55 14  1.72
120 55 40  3.95
120 55 36  3.95
120 55 86  2.97
120 55 11  3.39
120 55 41  2.97
120 55 29  3.30
120 55 56  2.18
120 55 44  2.04
120 55 39  1.72
120 55 42  2.46
120 55 13  3.71
120 55 60  4.69
120 55 49  3.57
120 55 91  3.99
120 55 43  1.72
120 55 82  1.72
120 55 80  3.48
120 55 84  3.48
120 55 81  3.48
120 55 26  2.18
120 55 57  2.55
120 55 53  1.76
120 55 89  3.43
120 55 54  3.76
120 52 48 10.17
120 52 54 10.44
120 52 82  8.22
120 52 26  9.19
120 52 57  9.47
120 52 85  7.98
120 52 81  8.03
120 52 84  8.03
120 52 80  8.03
120 52 53  8.49
120 52 49 10.30
120 52 60  3.95
120 52 42  9.01
120 52 56  8.63
120 52 41  9.33
120 52 29  9.66
120 52 11  9.79
120 52 35  8.73
120 52 43  8.96
120 52 39  8.31
120 52 87  9.42
120 52 14  8.31
120 52 90  6.87
120 52 40 10.35
120 52 12  9.14
120 52 36  7.52
120 52 91  7.15
120 52 69  8.96
120 52 55  8.54
120 52 9  6.87
120 52 7  8.40
120 52 52  5.15
120 52 44  8.59
120 52 27  8.31
120 52 83  8.03
120 52 51 10.82
120 52 28  8.49
120 52 89 10.17
120 52 13 10.44
120 52 86  9.70
120 52 88  8.77
120 52 38  7.33
120 52 95  7.89
120 52 37  7.66
120 53 95  3.71
120 53 37  3.81
120 53 36  3.90
120 53 38  3.99
120 53 13  4.04
120 53 88  1.90
120 53 56  1.72
120 53 55  1.76
120 53 86  3.30
120 53 35  2.04
120 53 81  3.48
120 53 57  3.06
120 53 39  1.72
120 53 83  3.48
120 53 85  3.62
120 53 90  4.36
120 53 7  1.72
120 53 28  1.72
120 53 27  1.72
120 53 69  2.14
120 53 12  2.46
120 53 40  3.67
120 53 49  3.90
120 53 51  4.13
120 53 48  3.48
120 53 9  4.13
120 53 87  3.06
120 53 54  4.04
120 53 14  1.72
120 53 29  2.88
120 53 41  2.41
120 53 44  1.72
120 53 60  4.64
120 53 91  3.99
120 53 42  1.72
120 53 82  1.72
120 53 80  3.48
120 53 84  3.48
120 53 26  2.79
120 53 43  2.46
120 53 53  5.15
120 53 11  3.11
120 53 89  3.76
120 53 52  8.49
120 51 52 10.82
120 51 89  6.03
120 51 35  4.60
120 51 57  5.29
120 51 53  4.13
120 51 26  5.06
120 51 84  5.85
120 51 43  4.83
120 51 81  5.85
120 51 80  5.85
120 51 42  3.62
120 51 82  4.41
120 51 91  6.27
120 51 60  6.96
120 51 13  6.31
120 51 39  4.27
120 51 41  3.30
120 51 29  1.72
120 51 11  1.72
120 51 14  4.27
120 51 87  5.34
120 51 9  6.45
120 51 90  6.68
120 51 54  6.31
120 51 48  1.72
120 51 51  5.15
120 51 49  6.17
120 51 40  1.72
120 51 12  4.83
120 51 69  4.64
120 51 27  4.27
120 51 28  4.27
120 51 7  4.27
120 51 85  5.94
120 51 95  5.99
120 51 83  5.85
120 51 55  4.41
120 51 88  4.50
120 51 56  4.32
120 51 44  4.27
120 51 86  5.57
120 51 38  6.31
120 51 36  6.17
120 51 37  6.13
120 40 37  5.66
120 40 36  5.71
120 40 38  5.85
120 40 44  3.81
120 40 56  3.90
120 40 88  4.04
120 40 55  3.95
120 40 86  5.11
120 40 83  5.38
120 40 35  4.13
120 40 95  5.52
120 40 85  5.48
120 40 7  3.81
120 40 28  3.81
120 40 27  3.81
120 40 69  4.18
120 40 12  4.36
120 40 40  5.15
120 40 49  5.71
120 40 51  1.72
120 40 48  1.72
120 40 54  5.85
120 40 90  6.22
120 40 9  5.99
120 40 87  4.87
120 40 14  3.81
120 40 11  1.72
120 40 29  1.72
120 40 41  2.74
120 40 39  3.81
120 40 13  5.85
120 40 60  6.50
120 40 91  5.80
120 40 82  3.95
120 40 42  3.16
120 40 43  4.41
120 40 80  5.38
120 40 81  5.38
120 40 84  5.38
120 40 26  4.60
120 40 53  3.67
120 40 57  4.83
120 40 89  5.57
120 40 52 10.35
120 39 89  3.67
120 39 54  3.99
120 39 53  1.72
120 39 57  2.97
120 39 26  2.55
120 39 81  3.06
120 39 80  3.06
120 39 84  3.06
120 39 82  1.72
120 39 49  3.81
120 39 43  2.23
120 39 13  3.95
120 39 60  4.46
120 39 39  5.15
120 39 42  2.18
120 39 44  1.72
120 39 56  1.76
120 39 41  2.74
120 39 11  3.30
120 39 29  3.16
120 39 91  3.76
120 39 86  3.25
120 39 36  3.67
120 39 14  1.72
120 39 87  2.97
120 39 90  4.18
120 39 48  3.62
120 39 40  3.81
120 39 12  2.60
120 39 69  2.27
120 39 9  3.95
120 39 28  1.72
120 39 7  1.72
120 39 52  8.31
120 39 95  3.34
120 39 27  1.72
120 39 83  3.06
120 39 51  4.27
120 39 35  1.72
120 39 55  1.72
120 39 88  2.04
120 39 38  3.81
120 39 37  3.57
120 39 85  3.25
120 43 85  4.13
120 43 37  4.32
120 43 38  4.46
120 43 88  2.97
120 43 13  3.30
120 43 55  1.72
120 43 90  4.83
120 43 35  1.72
120 43 51  4.83
120 43 83  4.04
120 43 27  2.23
120 43 95  4.18
120 43 7  2.41
120 43 28  2.65
120 43 69  3.16
120 43 12  3.34
120 43 48  4.22
120 43 9  4.60
120 43 87  1.72
120 43 54  3.30
120 43 36  4.36
120 43 40  4.41
120 43 86  2.27
120 43 14  2.23
120 43 11  3.85
120 43 41  3.39
120 43 29  3.71
120 43 56  2.83
120 43 39  2.23
120 43 42  3.06
120 43 44  2.79
120 43 49  3.16
120 43 91  4.46
120 43 60  5.15
120 43 82  2.37
120 43 43  5.15
120 43 80  4.04
120 43 81  4.04
120 43 84  4.04
120 43 26  1.72
120 43 53  2.46
120 43 57  1.72
120 43 89  2.92
120 43 52  8.96
120 41 52  9.33
120 41 89  4.55
120 41 57  3.85
120 41 11  1.72
120 41 53  2.41
120 41 26  3.62
120 41 43  3.39
120 41 84  4.41
120 41 80  4.41
120 41 42  1.72
120 41 82  2.92
120 41 60  5.48
120 41 91  4.78
120 41 44  2.79
120 41 13  4.83
120 41 29  1.72
120 41 41  5.15
120 41 14  2.74
120 41 54  4.87
120 41 87  3.85
120 41 51  3.30
120 41 48  1.72
120 41 90  5.20
120 41 9  4.97
120 41 49  4.69
120 41 40  2.74
120 41 12  3.39
120 41 69  3.20
120 41 28  2.65
120 41 27  2.74
120 41 7  2.60
120 41 83  4.41
120 41 35  3.11
120 41 81  4.41
120 41 86  4.13
120 41 55  2.97
120 41 88  3.06
120 41 39  2.74
120 41 56  2.88
120 41 38  4.83
120 41 37  4.64
120 41 36  4.73
120 41 85  4.46
120 41 95  4.50
120 42 95  4.18
120 42 36  4.36
120 42 37  4.32
120 42 38  4.50
120 42 56  2.37
120 42 88  2.65
120 42 55  2.46
120 42 86  3.76
120 42 81  4.08
120 42 35  2.79
120 42 83  4.08
120 42 85  4.13
120 42 39  2.18
120 42 7  1.72
120 42 27  2.18
120 42 28  2.09
120 42 69  2.88
120 42 12  3.02
120 42 40  3.16
120 42 49  4.36
120 42 9  4.64
120 42 90  4.87
120 42 48  1.72
120 42 51  3.62
120 42 87  3.53
120 42 54  4.50
120 42 14  2.18
120 42 41  1.72
120 42 29  1.72
120 42 13  4.50
120 42 44  2.23
120 42 91  4.46
120 42 60  5.15
120 42 82  2.37
120 42 42  5.15
120 42 80  4.08
120 42 84  4.08
120 42 43  3.06
120 42 26  3.25
120 42 53  1.72
120 42 11  1.72
120 42 57  3.48
120 42 52  9.01
120 42 89  4.22
120 44 54  4.27
120 44 53  1.72
120 44 57  3.25
120 44 26  3.02
120 44 81  3.62
120 44 86  3.53
120 44 84  3.62
120 44 80  3.62
120 44 82  1.81
120 44 49  4.08
120 44 13  4.22
120 44 60  4.73
120 44 51  4.27
120 44 42  2.23
120 44 39  1.72
120 44 56  1.72
120 44 41  2.79
120 44 29  3.16
120 44 91  4.04
120 44 43  2.79
120 44 11  3.30
120 44 36  3.95
120 44 87  3.25
120 44 14  1.72
120 44 40  3.81
120 44 48  3.62
120 44 90  4.41
120 44 12  1.72
120 44 69  1.72
120 44 9  4.22
120 44 28  1.72
120 44 7  1.72
120 44 52  8.59
120 44 27  1.72
120 44 83  3.62
120 44 35  2.32
120 44 55  2.04
120 44 89  3.95
120 44 44  5.15
120 44 38  4.08
120 44 88  1.72
120 44 37  3.90
120 44 95  3.76
120 44 85  3.71
120 29 85  4.78
120 29 95  4.83
120 29 37  4.97
120 29 36  5.06
120 29 39  3.16
120 29 38  5.15
120 29 56  3.20
120 29 88  3.34
120 29 55  3.30
120 29 86  4.46
120 29 83  4.73
120 29 35  3.43
120 29 81  4.73
120 29 7  3.06
120 29 27  3.16
120 29 28  3.06
120 29 69  3.53
120 29 12  3.67
120 29 40  1.72
120 29 49  5.01
120 29 9  5.29
120 29 90  5.52
120 29 48  1.72
120 29 51  1.72
120 29 87  4.18
120 29 54  5.20
120 29 14  3.16
120 29 41  1.72
120 29 29  5.15
120 29 13  5.15
120 29 44  3.16
120 29 60  5.80
120 29 91  5.11
120 29 11  1.72
120 29 82  3.25
120 29 42  1.72
120 29 80  4.73
120 29 84  4.73
120 29 43  3.71
120 29 26  3.90
120 29 57  4.18
120 29 53  2.88
120 29 52  9.66
120 29 89  4.87
120 28 89  3.85
120 28 54  4.18
120 28 53  1.72
120 28 57  3.16
120 28 26  2.92
120 28 81  3.48
120 28 84  3.48
120 28 80  3.48
120 28 82  1.72
120 28 49  3.99
120 28 13  4.18
120 28 51  4.27
120 28 60  4.64
120 28 56  1.72
120 28 39  1.72
120 28 42  2.09
120 28 41  2.65
120 28 11  3.25
120 28 43  2.65
120 28 91  3.95
120 28 29  3.06
120 28 36  3.90
120 28 86  3.43
120 28 87  3.16
120 28 14  1.72
120 28 40  3.81
120 28 48  3.62
120 28 90  4.36
120 28 12  1.72
120 28 69  1.72
120 28 9  4.13
120 28 28  5.15
120 28 7  1.72
120 28 52  8.49
120 28 83  3.48
120 28 27  1.72
120 28 35  2.18
120 28 55  1.90
120 28 44  1.72
120 28 38  3.99
120 28 88  1.72
120 28 95  3.67
120 28 85  3.62
120 28 37  3.81
120 27 37  3.57
120 27 85  3.25
120 27 38  3.81
120 27 88  2.04
120 27 55  1.72
120 27 35  1.72
120 27 51  4.27
120 27 27  5.15
120 27 95  3.34
120 27 83  3.06
120 27 52  8.31
120 27 7  1.72
120 27 28  1.72
120 27 9  3.95
120 27 69  2.27
120 27 12  2.60
120 27 90  4.18
120 27 48  3.62
120 27 14  1.72
120 27 87  2.97
120 27 86  3.25
120 27 36  3.67
120 27 40  3.81
120 27 29  3.16
120 27 11  3.30
120 27 91  3.76
120 27 41  2.74
120 27 42  2.18
120 27 39  1.72
120 27 56  1.76
120 27 44  1.72
120 27 60  4.46
120 27 13  3.95
120 27 43  2.23
120 27 49  3.81
120 27 82  1.72
120 27 80  3.06
120 27 84  3.06
120 27 81  3.06
120 27 26  2.55
120 27 57  2.97
120 27 53  1.72
120 27 54  3.99
120 27 89  3.67
120 26 89  1.72
120 26 52  9.19
120 26 35  1.72
120 26 49  1.72
120 26 53  2.79
120 26 57  1.72
120 26 26  5.15
120 26 81  4.27
120 26 84  4.27
120 26 80  4.27
120 26 82  2.74
120 26 43  1.72
120 26 91  4.64
120 26 60  5.34
120 26 44  3.02
120 26 39  2.55
120 26 42  3.25
120 26 41  3.62
120 26 29  3.90
120 26 11  4.04
120 26 14  2.55
120 26 36  4.55
120 26 40  4.60
120 26 86  1.72
120 26 87  1.72
120 26 54  1.72
120 26 48  4.41
120 26 9  4.83
120 26 90  5.06
120 26 12  3.53
120 26 69  3.34
120 26 28  2.92
120 26 7  2.74
120 26 51  5.06
120 26 83  4.27
120 26 95  4.36
120 26 27  2.55
120 26 55  2.18
120 26 88  3.20
120 26 56  3.02
120 26 13  1.72
120 26 38  4.69
120 26 85  4.32
120 26 37  4.50
133 19 21  8.12
133 19 20  4.18
133 19 21  4.18
133 19 20  8.12
133 21 19  8.12
133 21 19  4.18
133 21 20  7.19
133 21 21  3.25
133 21 20 11.37
133 21 21  4.18
133 20 20  3.25
133 20 19  4.18
133 20 21 11.37
133 20 19  8.12
133 20 21  7.19
133 20 20  4.18
130 68 63 12.07
130 68 67  4.64
130 68 66  6.50
130 68 65  8.36
130 68 64 10.21
130 68 68  2.79
130 67 67  2.79
130 67 66  4.64
130 67 64  8.36
130 67 65  6.50
130 67 63 10.21
130 67 68  4.64
130 66 68  6.50
130 66 63  8.36
130 66 65  4.64
130 66 64  6.50
130 66 67  4.64
130 66 66  2.79
130 65 63  6.50
130 65 67  6.50
130 65 65  2.79
130 65 64  4.64
130 65 66  4.64
130 65 68  8.36
130 64 68 10.21
130 64 66  6.50
130 64 65  4.64
130 64 64  2.79
130 64 63  4.64
130 64 67  8.36
130 63 68 12.07
130 63 67 10.21
130 63 63  2.79
130 63 66  8.36
130 63 64  4.64
130 63 65  6.50
82 10 10  1.95
82 10 8  3.90
82 8 8  1.95
82 8 10  3.90
92 72 71  6.27
92 72 70  3.48
92 72 75  3.48
92 72 73  6.27
92 72 76  4.41
92 72 74  6.27
52 71 70  3.48
52 71 75  6.27
52 71 74  3.48
52 71 73  2.55
52 71 76  2.55
52 71 72  6.27
92 70 71  3.48
52 70 71  3.23
92 70 72  3.48
52 70 72  3.23
92 70 75  5.34
52 70 75  4.96
92 70 74  5.34
52 70 74  4.96
92 70 73  4.41
52 70 73  4.09
92 70 76  2.55
52 70 76  2.37
92 70 70  1.39
52 70 70  1.29
92 75 74  6.27
92 75 73  6.27
92 75 76  6.27
92 75 70  5.34
92 75 72  3.48
92 75 71  6.27
52 74 71  3.48
52 74 72  6.27
52 74 70  5.34
52 74 75  6.27
52 74 73  2.55
52 74 76  4.41
52 73 75  6.27
52 73 74  2.55
52 73 76  3.48
52 73 70  4.41
52 73 71  2.55
52 73 72  6.27
92 76 72  4.41
52 76 72  4.09
92 76 71  2.55
52 76 71  2.37
92 76 70  2.55
52 76 70  2.37
92 76 75  6.27
52 76 75  5.82
92 76 74  4.41
52 76 74  4.09
92 76 73  3.48
52 76 73  3.23
101 79 77  8.82
101 77 78  9.52
101 77 79  8.82
101 78 77  9.52
52 46 47  5.57
52 46 45  5.57
52 45 47  1.62
52 45 46  5.57
52 47 47  1.62
52 47 45  1.62
52 47 46  5.57
80 61 62  4.64
24 61 62  4.31
80 61 62  3.71
24 61 62  3.45
80 62 62  1.86
24 62 62  1.72
80 62 61  1.86
24 62 61  1.72
80 62 62  1.86
24 62 62  1.72
80 62 61  1.86
24 62 61  1.72
60 50 92  5.11
60 50 94  5.11
60 50 50  5.11
60 50 93  5.11
60 92 92  1.39
60 92 94  1.39
60 92 93  1.39
60 92 92  1.39
60 92 94  1.39
60 92 93  1.39
60 92 92  5.11
60 92 94  5.11
60 92 50  5.11
60 92 93  3.02
60 94 92  5.11
60 94 94  5.11
60 94 50  5.11
60 94 93  5.11
60 94 92  1.39
60 94 92  1.39
60 94 94  1.39
60 94 93  1.39
60 94 94  1.39
60 94 93  1.39
60 93 94  1.39
60 93 92  1.39
60 93 94  5.11
60 93 92  3.02
60 93 50  5.11
60 93 93  5.11
60 93 93  2.79
60 93 1  2.79
60 93 94  1.39
60 93 92  1.39
60 93 93  1.39
60 93 93  1.39
60 1 1  2.79
60 1 93  2.79
